
feature percentage = 0.7


load regression evaluation
{'feature selection': ['None', 'lasso', 'pearson', 'reliefF'], 'linearR': [(4.4899916210346129, 0.82359738215156075), (4.5335751170465821, 0.81564308741209013), (4.882577394627714, 0.79372201400100628), (4.8308400027816703, 0.78928443798815484)], 'svr': [(4.0823269891447547, 0.80190487292312962), (4.1384710844409005, 0.76624651266640675), (4.3041081697136754, 0.76156000002571766), (4.4565949321626901, 0.77311433222860881)], 'mlp': [(1.9142926234497284, 0.9612080879297944), (2.0879419657245606, 0.95535691950586421), (2.1293161644649206, 0.95449730915074948), (1.9196124041021552, 0.96178412703137939)]}
load classification evaluation
{'feature selection': ['None', 'lasso', 'pearson', 'reliefF'], 'svm': [(0.93837739419161148, 0.94665512358996617, 0.94185125866197006), (0.67373421244982246, 0.68550427914970413, 0.67918681795579683), (0.90228249457964882, 0.91693635683174424, 0.90882271934563519), (0.64349569802569984, 0.66827238057773775, 0.65501978528953053)], 'logisticR': [(0.66132215255976767, 0.68052318828145764, 0.67027243409553994), (0.8623126368957168, 0.89665014555932088, 0.8782907030069308), (0.84200847521011923, 0.88090299227415214, 0.85977205665820922), (0.81440778003719583, 0.84215714271026754, 0.82721156111587657)], 'rf': [(0.98745803220234363, 0.98673033156538215, 0.98709283437704853), (0.97894909464490831, 0.97505300235019232, 0.97698817062089438), (0.73829799659378925, 0.73771598428745611, 0.73800652502635056), (0.97922474665063153, 0.97377474515916962, 0.97647359362815289)], 'mlpC': [(0.70157344371989161, 0.70870931588522867, 0.70494982908710102), (0.93873431787277928, 0.9322729996388035, 0.93524346717673357), (0.70573351983486687, 0.69425677556811605, 0.6997577111377502), (0.92399646786925649, 0.9241879065549522, 0.92383544475871915)]}
performance regression evaluation
{'feature selection': ['None', 'lasso', 'pearson', 'reliefF'], 'linearR': [(4.4861046815171388, 0.81431756856183291), (4.8002902219541443, 0.79225319471492317), (4.9056337660379743, 0.78472496999856689), (4.8077479816016222, 0.77805806324127835)], 'svr': [(4.2276035504903158, 0.14028705689414622), (4.4102539775599432, 0.75937625752777982), (4.6303159772052886, 0.72135895696656582), (4.439896755190377, 0.76141461432785251)], 'mlp': [(1.7379689735842634, 0.96185046392239792), (1.8135983938174449, 0.96595308855469819), (2.215636740712259, 0.9487520506392233), (1.9559709028010532, 0.96138105524775375)]}
performance classification evaluation
{'feature selection': ['None', 'lasso', 'pearson', 'reliefF'], 'svm': [(0.6431460347312703, 0.66589460868088546, 0.65385983287560479), (0.84830786719632634, 0.87622542699481454, 0.86153550134290569), (0.801912075301911, 0.8303890517163689, 0.81519009321678126), (0.59409028623337667, 0.61898746044649233, 0.60566037790941163)], 'logisticR': [(0.6225183362724408, 0.65497222813425005, 0.63743367654708882), (0.83180432321318321, 0.86829036226489931, 0.84879815865286579), (0.78316063588252227, 0.82196294299156614, 0.80059896224182803), (0.58246436811232194, 0.61146184524605718, 0.59565980413071729)], 'rf': [(0.6972726192565375, 0.71625261208699231, 0.70621867454822063), (0.92845934951708831, 0.94785669875776468, 0.93771139012673121), (0.91190478133949515, 0.93849938584660431, 0.92447087653816384), (0.68860279156674631, 0.7077668832875198, 0.69760873162216286)], 'mlpC': [(0.67785770355547226, 0.68066894811810208, 0.6789542111692356), (0.89053898087366201, 0.91287407394987452, 0.9012054949676721), (0.85191828807703784, 0.86415974194203959, 0.85785859437572254), (0.63597063910370877, 0.67150623076132598, 0.65212417698316283)]}

feature percentage = 0.9


