load regression evaluation
{'feature selection': ['None', 'lasso', 'pearson', 'reliefF'], 'linearR': [(1.3347315363091259, 0.36440999890298387), (1.2524539146404086, 0.90783295989569091), (1.2399665740137424, 0.95652681621151669), (1.2885329220586776, 0.7329373934606378)], 'svr': [(1.1713770895891733, 0.9823536037895505), (1.1907059434793186, 0.9808745230435949), (1.1783061882219441, 0.97419635354518008), (1.1954891585135536, 0.98083823549229698)], 'mlp': [(2.8481221356926003, 0.80897306180460893), (4.2426808236349869, 0.45816919704919612), (2.8049418263363797, 0.79455117723460911), (2.852014328945268, 0.8217919298477141)]}
load classification evaluation
{'feature selection': ['None', 'lasso', 'pearson', 'reliefF'], 'svm': [(0.72814017175826218, 0.72776668293210756, 0.72794900188492184), (0.7274051414414282, 0.73028539782091761, 0.72883819049993226), (0.72354209425005223, 0.72369347294687913, 0.72359597571826528), (0.97500341783503752, 0.97715271219824529, 0.97603647993989917)], 'logisticR': [(0.72510258864530219, 0.72858020488676756, 0.72683086211539327), (0.97848751849092941, 0.97835064736574817, 0.97836806210122496), (0.72475136445396293, 0.7226603870566719, 0.72370166935224234), (0.97218940865044234, 0.97599091918708858, 0.97403338850898324)], 'rf': [(0.73713467623015361, 0.73956844389892784, 0.73833971110521557), (0.73685410563686282, 0.73837763465149198, 0.73761114472025113), (0.73681830547807525, 0.73986584231926333, 0.73832670837755132), (0.73175899691295765, 0.73596113282826681, 0.73383119590478652)], 'nlpC': [(0.7250559983474556, 0.72773003047728135, 0.72635784096797373), (0.72440204340394743, 0.72912515205353634, 0.72674616866011288), (0.71686633682425893, 0.7222163352881612, 0.71946079389025797), (0.71785181510883911, 0.7252296641241176, 0.72133924799840343)]}
performance regression evaluation
{'feature selection': ['None', 'lasso', 'pearson', 'reliefF'], 'linearR': [(1.2186967774027577, 0.97540404763308397), (1.2572779100338829, 0.75344010753124313), (1.3217368178290181, 0.9663883933934545), (1.2440455692865664, 0.94880850653351489)], 'svr': [(1.1981777766284696, 0.97587952053156302), (1.170587902512136, 0.98175436429305085), (1.1786417137438157, 0.98125102403077058), (1.1826308757775059, 0.98177351926693524)], 'mlp': [(2.9935562177796951, 0.79782448552732699), (3.1301434888311332, 0.74878830895984028), (3.0101875873311026, 0.80013594952976619), (2.9300538960807567, 0.81393783900713645)]}
performance classification evaluation
{'feature selection': ['None', 'lasso', 'pearson', 'reliefF'], 'svm': [(0.9215065866130141, 0.93502142798606103, 0.92788674751136035), (0.92484006816166842, 0.9279035530437717, 0.92610781584027235), (0.91719527472403906, 0.93407535726106372, 0.92503288003453177), (0.92631036215108897, 0.93412336832728993, 0.93011850912637373)], 'logisticR': [(0.91557154634328997, 0.92601799343883429, 0.92042653663033736), (0.91002009452160137, 0.92572213531278036, 0.91738819328868859), (0.91750312648129662, 0.93299120177671124, 0.9248547837126907), (0.9127067731790991, 0.93253864503847428, 0.92211178271450589)], 'rf': [(0.93497629245541924, 0.95163516516739588, 0.94291753926433575), (0.93623116231474368, 0.95010034818276889, 0.94291527248968998), (0.9350679566271145, 0.95250813338533258, 0.94338622173693309), (0.93372772180849262, 0.95194262428089982, 0.94239897619500879)], 'nlpC': [(0.92270187430420136, 0.9362463499559216, 0.92920459977059444), (0.91685336591253341, 0.9335693280583035, 0.92477960606951637), (0.91826573520245214, 0.93720032002352227, 0.92725879744090889), (0.91561774958630215, 0.92356663830611507, 0.91936308558713498)]}


